1433
8574
1159
15
5786
8800
7217
5839
6161
1155
129
3059
4534
2953
3772
5074
610
3623
9300
7231
523
9104
4662
9284
4571
1887
5343
8140
2047
9104
1327
5466
1803
3548
8053
2729
3995
2096
5050
5040
6292
1049
4522
6049
8408
8366
1229
3567
5801
4361
5637
9194
1605
3731
8271
1481
1663
9451
9835
5762
3022
7427
8361
8456
2399
1416
1481
9426
5686
3916
2421
5780
9938
5089
5979
8861
7758
227
5441
9836
3411
4259
4301
5871
2059
700
7757
4073
4592
2356
3488
6447
5363
6769
9880
3200
7369
5397
5591
3711
3536
2951
9654
3454
7839
9023
4453
6057
4683
5806
5644
7771
4070
4776
3120
3505
8065
5327
146
3610
1714
1805
8049
6311
2561
3453
4111
1893
285
1607
2433
6643
4028
1495
3792
7778
6047
7544
7501
8105
1219
9858
2402
3106
2964
7020
6643
3333
1644
8528
5763
638
8042
6443
9474
9181
4445
6173
4420
1323
1311
1955
1277
6180
9167
1886
7817
5845
2646
9583
8504
5410
8747
7442
4678
5076
4947
6532
9241
7390
992
6803
8243
6971
7690
6417
6600
6518
2875
2739
6665
966
7587
5260
9071
963
6428
1777
563
9113
6664
9113
7721
7752
1783
5539
7533
117
6469
5316
2982
3105
5376
8171
1576
5092
6599
83
5574
9878
1101
5605
5395
6042
3933
6662
3881
8663
5000
1668
9987
4276
3018
6105
837
703
6474
7994
379
6970
640
5903
5615
3346
2769
5886
6932
5182
437
1782
1616
5984
3898
7029
7046
5339
1361
790
305
4882
3782
315
781
9128
5870
7459
1406
2986
5241
1705
5172
9093
9110
3609
6151
5381
5558
5518
7340
8747
4536
5213
8426
9882
7828
2888
1030
3054
6851
7680
8666
7561
9451
4298
3444
3131
8969
3628
4314
814
2471
869
1388
1324
8845
6102
8674
8685
8995
7937
5796
9872
8069
8572
1273
565
399
5314
7958
933
5400
1511
7256
1135
7099
869
2301
2976
5343
6967
6781
2222
7305
706
934
8433
4904
6827
9284
975
6910
1065
6752
6850
4846
7176
1247
6584
1120
327
9276
4310
5218
9519
7424
8761
1881
368
5916
7436
4789
5785
1321
1087
9234
9924
6327
3210
810
7500
8434
1198
7320
2123
8211
3060
8360
7029
1571
2356
2507
2411
4026
7620
4262
7244
4277
9835
3241
7454
4565
2625
4493
2005
6260
6677
3623
1038
2323
8458
2105
683
7343
5215
1800
9596
2738
3770
3448
1157
5878
4336
8275
561
9860
163
9912
9363
5899
2873
6496
5557
1052
4789
973
8048
4545
1940
7211
8486
1758
8390
8552
3455
6288
8566
960
1086
5425
4072
3952
4319
3966
6126
8908
2095
2000
7704
4573
6984
8998
9094
4290
2712
2228
7962
6087
7453
8229
8143
3539
9055
5787
5824
7643
1961
4951
1798
9220
3605
8884
9906
9846
2228
7758
8979
4283
5223
9136
4309
5239
4990
7531
8663
818
9930
6562
3750
5313
5536
5026
2971
1186
3884
3743
541
3926
1535
3834
7605
6649
5287
9791
3869
3868
1866
9322
1123
9204
5743
2825
5440
8171
7737
8829
335
1461
9888
9706
5980
1853
3790
8654
8491
3693
1715
4686
4386
1645
9717
3260
8500
8194
3047
693
1403
456
901
1687
9761
8698
729
175
7755
9294
1965
3520
1059
5054
5438
1520
2064
4897
7146
9356
2580
9464
2886
8572
1170
5779
3757
610
2794
3636
8153
1483
962
8652
887
6424
4738
2578
9051
2726
7340
6994
2655
8361
1687
8994
329
9335
2759
879
8504
7393
3866
9014
6474
4525
5089
990
5630
1502
3801
1283
448
2485
6181
9198
2295
8497
4746
7055
6055
385
8294
1597
7987
9339
7230
7796
1507
9029
6867
8077
3421
4016
2016
4779
3459
1556
9475
3553
1513
4742
997
8866
1298
8151
4856
1008
5190
2342
3436
1030
6146
742
1630
8049
5356
5802
9581
841
928
7740
7178
1501
300
2573
2363
972
9509
3558
9468
8368
2436
5677
772
9813
8017
5076
879
8184
9866
3580
2669
8618
7648
7079
6294
820
1902
1210
1944
1812
4358
6289
2975
7349
2506
5340
3167
4365
1092
8631
5025
4495
339
2504
7224
6849
6082
6161
1087
3705
9479
4534
5536
3520
6373
5288
6851
4712
1630
2208
3154
9082
2504
407
2966
5176
9626
7778
5455
8513
2020
4443
548
9411
2457
2746
7285
4618
8234
5315
2362
8246
9103
6328
9355
4219
9844
8671
6938
595
5279
1615
8176
3326
5370
8148
9379
4089
4305
6626
2673
924
4265
2517
6747
846
314
4439
4817
3155
7835
1131
7302
3797
5737
3031
8432
7376
3747
5278
3966
5287
7477
2443
9430
7845
2719
9754
3290
9374
9170
8256
2086
4484
3798
1259
873
5461
2443
3971
9966
5921
6298
3824
134
5097
2134
6838
5859
7587
4437
1259
2307
826
9605
8537
6055
7874
4925
8990
3007
5962
6497
8032
2357
7226
7057
7903
9186
2524
2655
387
5744
5975
8411
2884
6606
2358
2412
2601
1433
7911
157
6744
3133
2479
754
3531
2248
1786
9926
708
6391
9505
7155
3575
976
4741
9596
150
9690
1591
8394
9050
5277
5770
9025
8124
2370
8976
7839
8932
7654
8656
3729
1513
3681
1673
5217
3735
9885
3169
7999
8111
1637
6183
9579
5512
3403
7958
6445
2131
6966
2490
3697
956
3559
5085
1298
8620
8982
4170
4514
1228
3870
3411
291
1188
9521
2014
3733
4737
217
8186
6972
4244
3885
8223
4253
8359
188
7348
8166
3708
4696
6602
9527
1278
5298
1637
3585
440
159
3450
5577
8692
4596
4020
2872
6971
4499
8577
3842
5579
1617
9482
4434
8840
7587
47
8350
9833
1317
2496
2268
6803
6518
2201
4257
1795
8211
773
5057
644
8351
9283
7321
7744
6108
1174
9364
4035
9081
2054
9405
8555
9224
1716
9570
1964
4571
122
5874
5825
314
9857
2211
5197
3747
2044
3154
799
6990
9730
5512
1699
1708
9721
4293
1188
6396
1118
7451
752
841
9825
298
6437
9700
3516
9987
1271
3401
9668
5132
7331
8272
3177
9871
5693
5075
3256
5439
7702
3543
8143
1192
5002
8521
7232
3713
5781
1366
7967
9873
1158
774
3637
9387
4507
7751
3895
9224
3340
2674
3681
8192
2228
9515
2092
3844
7465
2074
7567
3995
9709
2497
6769
2918
221
2058
9004
9010
8950
7247
9565
4938
5432
7157
2456
7799
6387
7077
4137
5605
7678
6424
437
9426
9814
6255
7999
3782
4531
6925
9270
6170
4135
6625
9756
4822
3743
3827
9473
4299
5932
1130
5998
202
2795
2408
2861
9343
1008
5667
8741
717
4818
4417
3316
7799
335
2175
6197
8121
4528
7582
2
2769
6312
1179
6067
4445
4838
4521
8659
2705
6873
4876
5411
3157
4179
325
840
6889
9734
9157
2656
5830
716
9952
1234
9315
7139
8528
5315
1232
4388
8819
2997
3539
2324
8962
7162
5324
8084
5150
4614
4679
6115
8921
6147
4142
5556
7262
2205
3304
986
431
9453
5922
5247
5385
2212
9433
5700
1174
4893
4913
3123
3534
533
3684
9216
795
5590
826
5406
9512
1806
7330
6158
8756
639
6267
9153
4505
1568
5281
3247
2692
3089
9895
656
9633
4604
6589
8936
3652
2006
6718
576
757
4484
9449
8015
5769
5371
7882
3432
1434
9840
5637
28
9299
4814
382
6272
937
885
1735
1929
4185
1423
1223
6804
682
1599
5683
194
2959
2403
620
9760
3916
3720
6614
4357
8657
8700
2784
7749
8760
3518
9268
8339
167
3714
6940
6227
9731
3856
3199
1788
9217
5212
3719
9069
9146
3249
6320
9015
5130
9863
1936
6919
1333
8259
893
167
8999
797
5951
2490
8470
7965
7636
6630
2503
6271
4793
4063
3449
1654
2268
9677
8945
5212
9627
2239
1411
6
2904
3625
699
7238
6332
2345
5109
8379
1940
5512
47
3908
7117
4107
6776
4961
424
6457
341
9146
8634
4391
9520
1801
450
143
2109
8402
6471
576
8427
8387
3822
5262
8195
5718
8517
8234
2225
9667
3967
3404
5740
8370
8284
348
6707
8927
2836
417
3525
4982
9857
1425
8717
2974
6886
7591
9177
1378
831
3042
3013
714
1798
8281
6585
5896
6895
6221
1324
1134
9025
311
4835
5678
8306
5441
1481
473
8205
7265
9645
9864
3234
7711
9411
1065
3595
7767
1848
6513
4391
3770
7526
1712
5093
2223
3039
2355
5198
5607
5369
226
5022
8542
2119
2249
9569
9405
9152
1364
9655
2733
3983
1540
9715
5414
6726
3054
2598
4869
2447
6227
5154
6748
7216
4586
7038
7779
8698
3816
3606
2204
1743
4530
9227
7172
7725
6954
5486
9110
7499
821
3844
5161
6607
4957
8807
7370
8282
2962
5786
7028
4897
1787
9174
331
7593
170
2901
6473
4365
4926
6026
2464
3743
4850
4619
382
7177
5698
1037
7102
2894
7694
2827
1162
5715
455
2370
3262
8483
4791
6795
6601
179
1165
965
5981
307
7589
495
2485
541
9959
4160
5398
4942
2406
1731
430
6702
8952
1282
9353
1310
8453
6093
5283
2572
5624
5415
9224
3174
258
6574
9654
2553
8718
9973
9524
4676
1504
5407
76
2798
983
7594
8019
4945
9969
3334
9242
7649
1742
4817
4557
5997
1164
2624
6184
2721
5217
76
1738
1765
7976
2582
1201
134
9330
6664
293
5151
8157
6330
5729
9732
6883
814
5867
4346
8073
2856
853
1446
7400
1549
3148
2721
5289
9480
6558
2548
9336
4691
5785
3382
8491
9112
5982
7183
8028
3603
5492
3480
2610
4067
5080
2610
9662
8942
8818
7455
1633
4702
4228
8256
8507
9068
2475
844
990
3095
5224
8346
3313
8897
8232
604
2416
2183
9583
8040
1361
8170
676
8580
1938
4287
4566
9357
9853
2159
3868
5283
6925
3707
5305
9013
507
2385
3454
5492
3441
7124
4730
4391
7615
6538
3709
747
8188
4487
3226
1012
9652
1073
3578
9333
6096
433
5149
360
7188
9797
364
5098
5457
7444
4698
7366
9003
3215
1609
1100
2996
1216
3832
5390
4055
7282
1946
8391
4673
8685
6178
6488
9258
7324
5930
2401
2866
4717
6995
4840
5094
9460
8695
9561
8193
8604
1914
9610
8783
8044
5951
3337
2125
7169
9127
2420
1068
7821
6788
3685
3413
6156
7372
4184
5702
5967
3096
123
458
7640
940
6337
7751
4064
6833
7826
7489
6584
1710
1811
988
4906
8598
9581
1983
7899
6970
6061
835
2847
2207
7303
298
5865
7226
6503
7629
9310
9944
3558
7854
53
2666
6182
5308
2957
9390
1643
8565
7258
1433
2213
2134
6126
5872
9662
4669
128
5621
6540
8992
4540
7966
1187
6758
9751
5154
9962
3522
7389
1821
89
8337
5512
8147
428
3673
831
4529
5302
4097
201
2255
1670
7632
7068
2849
8798
9725
2615
9309
9318
4421
3720
2423
3228
5100
2570
6327
9205
8426
9231
8941
1557
3335
6246
1915
1239
4225
3673
3520
457
6585
5030
5172
4872
6095
3672
3039
803
1842
4433
3461
8622
6233
454
2268
4086
7823
9335
478
5435
1417
9226
9641
2639
7699
1043
116
1738
809
2385
7069
5863
1954
9671
9821
5967
6502
1286
5148
1600
4576
7988
1041
7241
4334
9852
3874
7957
5557
5314
4554
2849
2258
1360
6936
5852
8123
7825
2884
3434
1236
5193
1596
3749
6334
9632
9133
4032
5209
8762
4990
1241
682
5604
9109
3451
968
8380
5229
877
3681
9981
4575
427
697
6678
5821
559
5570
5318
1358
6283
3239
8807
2419
5573
9746
7300
4920
223
2990
7496
3526
7187
342
8132
7302
5960
9372
8892
5008
6755
6502
8126
1473
1724
6707
2128
1163
507
2732
9398
3206
384
8709
9997
6740
2653
2
4151
2819
4784
4743
6547
9243
3248
2359
9032
3015
9635
686
8878
4000
7161
4714
313
597
2729
1476
1938
823
6999
1853
6772
7393
2078
6851
6992
8149
4415
6339
2030
7473
9382
8296
9185
5584
5334
2305
5877
7564
193
7169
263
4481
1557
528
2385
6142
5014
8527
256
3941
1652
5817
3348
8130
6265
6564
9412
6328
577
4215
7340
598
2006
3174
2676
136
7447
5528
974
8106
5077
3546
4187
311
5994
428
7850
5600
4246
2889
7134
8105
5623
6772
8987
8333
7716
5853
8829
2049
4470
4307
7957
1046
836
212
449
1592
6121
6976
7527
5124
596
3836
4622
5798
2124
9378
5785
896
1166
6613
6032
1686
6661
5314
5052
2134
4020
2354
831
2662
5010
7260
5758
3286
7027
8439
5741
9268
9823
3309
1397
7438
7954
779
2388
4337
7391
1702
7025
6960
5346
3415
5354
465
1664
4631
5772
3250
2925
1830
4750
3801
4282
2628
2811
5177
6472
8338
4778
9583
3150
9939
9211
1020
6482
8989
8001
3118
3768
8828
7638
9574
4933
3189
6095
7662
2494
4951
1454
1588
9554
4013
7726
6319
112
9936
9534
2275
5062
2250
4285
3215
6808
2118
1262
8979
2121
1635
4104
8542
2265
3831
4461
8886
124
224
6357
4609
9298
4966
1734
8288
8968
7484
7378
2828
1562
2981
8286
5080
1987
6691
2986
2038
3331
138
4273
3462
3099
5332
4847
4072
5864
2717
1434
9490
3562
2255
894
9294
4944
1672
809
75
3058
8119
8688
6884
2107
9077
1740
7405
4641
7216
4725
4857
3169
2227
7193
9673
3564
2193
3896
8783
3752
2497
4351
1600
1636
371
4016
2024
1821
9889
3642
9208
3734
5761
6906
8138
3975
8726
5758
9445
8996
7094
7474
3740
9224
4134
2393
9104
4415
3745
3993
102
1277
5192
9251
9716
4718
6243
4813
8964
3259
6677
7678
7339
437
7166
9142
6355
994
4811
6919
6564
7809
280
180
7506
3515
8421
8821
288
7624
1190
2436
1858
2971
388
23
1440
1692
8321
5610
9014
4496
7065
120
7672
1254
3523
9270
5299
1776
4919
7500
6431
2524
906
9281
289
5118
325
3394
3356
1277
100
814
8391
8583
4666
8849
5690
1793
6289
4635
1394
4862
1151
5308
1028
3755
596
9631
1582
9525
6848
7696
6329
4904
5313
3867
5355
7414
618
691
4824
3632
3360
9723
7497
8531
4046
2084
5509
5202
6264
3796
1163
1963
6172
5775
3858
377
3444
7941
7160
422
1816
7048
9766
7643
3297
4168
9540
2133
5977
3596
2537
9669
5821
7727
6731
3317
8836
8149
7573
7298
3417
7849
9911
6394
2644
7989
166
3539
9304
172
436
1334
8037
5127
8794
9414
141
7866
6594
5425
4468
6834
4482
1250
5328
1790
6786
1408
7856
1815
895
854
3465
5966
3432
9264
8172
8128
5381
703
2211
5688
887
6921
8474
353
3738
2432
6794
9606
184
2477
2320
3209
6007
7049
9229
8172
930
7432
471
2255
6678
1762
636
8342
3762
9311
8982
7958
4130
4702
5786
3069
661
8083
9771
5371
4041
9979
8251
9280
3929
6989
3794
2739
781
5982
5239
5741
6927
4385
3531
2896
6558
8233
2869
3447
1851
8365
2776
3563
6321
5783
6944
894
4978
2376
9963
9736
8412
1852
7381
9980
9466
21
7052
6391
8390
7831
1570
7988
3261
3311
9649
5166
3755
9888
3241
3827
8101
8156
9300
4994
3478
1612
6826
4625
9633
5772
4656
2685
9733
6134
2236
9070
6814
8281
3956
806
8520
6406
1412
1927
543
4294
6861
4862
5314
3019
8747
1744
5446
3714
8591
6079
7974
882
9819
5736
8119
5572
1853
8749
1034
3470
2578
6346
6427
1790
2204
5878
7991
7087
7486
8520
7226
459
5028
8755
1846
334
847
2416
1231
2578
3294
8791
5220
300
872
6953
1384
2771
8214
8860
7166
3080
7198
6260
4611
7334
7882
7787
5317
9735
3798
9869
6850
7745
9032
5714
2955
4988
5947
3448
7047
1536
6883
1421
5108
9759
5365
7030
2616
6524
8303
7951
246
9511
306
2512
8619
1303
2928
9463
8136
2322
4624
9816
9595
4988
7903
9822
2742
7337
6816
2812
3713
129
1380
4021
9114
2655
1733
3396
6427
8885
2556
1689
9044
1952
1554
4129
5239
4660
2196
8417
6387
9940
3519
9550
9960
2480
1547
9899
2058
5979
5717
8416
8800
5319
6372
4004
5835
9792
2316
8935
4132
2
5665
9711
3902
7111
547
2973
811
4593
4488
4554
3771
2640
2280
9203
8750
5425
8946
8190
4363
9620
3051
1768
1081
6456
3062
7245
9354
4101
1295
3923
8712
5221
5314
7988
1943
63
5913
7190
7451
1954
7778
2792
7666
4187
3438
4571
7409
2227
5718
3691
3869
2424
1369
3096
5744
7879
3280
165
3340
5986
7330
6572
5995
4547
5107
6748
2404
3133
631
9873
826
8075
165
6479
4622
9641
134
3482
7733
9435
3149
5588
2693
1949
6656
9748
6537
7223
4325
3791
9859
2317
5992
3318
9985
9537
9608
2124
8616
4757
3810
5426
3069
9137
7716
8305
7955
4669
5876
3508
286
4348
2121
4047
9350
1493
4983
6991
3143
8671
7960
9616
5685
6984
2310
8661
5357
1474
8981
6056
3751
8010
4125
1006
6424
3687
8181
2165
915
3820
3307
2156
767
5097
8384
5568
36
6804
9264
2911
3727
4592
2415
3787
9669
1335
2287
7453
7748
7114
4926
6274
1333
65
9708
8631
8382
4881
2395
9660
1028
1337
6767
3000
7101
2040
9204
8522
2884
5440
2191
2054
7301
5791
5005
3220
1256
8192
1703
1201
9322
1117
4327
6432
8695
8734
4293
4945
2965
2227
6970
3916
9177
4585
6437
4155
1644
2157
2171
561
6072
7771
3753
6954
6669
145
470
2624
65
5605
6724
9655
8611
6047
2437
3478
6960
3332
1561
7058
3615
3585
6565
6281
1495
1904
8032
8232
5872
1930
4568
1481
8790
6873
1522
4621
5658
7945
3453
6274
8500
9610
5303
7345
3747
3652
6474
9767
7620
56
9407
8045
7521
2079
2034
3974
5312
1186
5157
996
1261
8772
5711
6328
5234
8432
9869
1860
706
7658
6824
8815
9893
7797
3239
7044
9021
7233
9579
4311
232
9918
6984
7462
734
2321
8964
7799
7786
1938
4376
1491
1574
5392
803
5711
3214
3042
190
7443
8487
2731
4138
5402
7785
4440
70
2900
3078
8121
6252
1339
7519
121
7083
7872
9308
7084
