4000
8432
7329
6624
886
8443
5806
4803
3675
5803
1264
9416
5283
5369
3435
140
9049
6668
8173
112
2647
6631
27
7789
2516
95
1351
9526
7912
855
5294
8611
252
8379
1102
5775
940
5910
8500
8751
2350
944
5891
3100
588
39
1137
896
140
1768
3163
4682
1794
7754
7049
4813
5131
8632
9692
3563
314
2857
3140
4233
7760
7118
7038
2592
1908
2727
7835
4400
8002
5074
4156
2256
9808
6769
8664
1974
8427
7286
992
3775
5792
9214
8986
1324
3846
5480
6793
282
7833
7521
9966
7404
3314
6029
424
8807
9137
5699
9526
1386
5229
3109
2589
2807
7090
5675
5670
3299
1929
7707
6463
5862
1749
3239
1137
7374
8345
7012
1617
327
1512
2850
9920
15
4740
9356
7005
4457
2616
5742
6107
6801
641
4270
4845
1782
4279
9705
7677
4793
969
7275
7468
177
5910
7338
1059
2664
7976
6831
9784
1013
5515
6978
6733
1607
6028
9425
9299
8298
4908
8284
1420
7161
468
3552
5149
8097
354
735
4034
8894
9921
5752
59
8580
1735
2168
5188
2252
3639
1837
3523
8761
1543
1315
1402
8790
1149
6573
4813
7310
2818
6833
1997
2439
8664
2496
5619
3227
2760
7056
1848
4421
4788
6985
8113
6213
8715
6328
3256
1728
1098
259
9909
7991
3344
3306
3371
9777
5450
1734
5439
504
7181
8961
3748
9518
9939
817
66
9001
4076
5026
6101
6082
3045
2079
6017
1270
9414
2573
9874
8935
3766
9700
2178
9682
3833
2491
1380
6269
4809
3855
3358
6285
722
7343
3763
545
6807
5447
9902
3391
1395
4936
3163
7097
2154
9040
5135
2636
5614
5547
4856
693
2317
4453
142
5327
4887
4282
9577
2205
4365
7261
8108
3296
8757
8625
5551
2470
7226
8807
7483
3552
2112
101
3071
3935
6550
3375
5055
282
4308
1765
572
7022
5540
121
974
5266
5405
2587
589
1765
9354
9139
4768
5639
3369
8282
4924
5937
6943
3413
1422
4033
2296
2878
5204
2278
7901
3393
3206
1765
8350
5697
8178
1174
8143
4677
981
8766
9216
146
2917
3289
7411
741
4923
7107
3138
2365
126
6436
9849
3011
410
1286
5119
8488
144
7812
3026
5529
7367
4065
4240
9041
1696
7169
4258
5067
9511
2008
307
2178
3525
8797
4862
5064
8067
619
9045
6191
857
2932
5758
6535
8884
4418
8344
3061
5749
2828
4955
8828
4790
1649
9021
570
2840
5972
7905
1202
9257
6052
8027
7873
6513
9430
1646
8239
3899
9489
518
2613
6128
5910
8753
5749
4846
7530
807
9370
6584
7650
9883
6877
8808
7178
810
8352
64
9986
9153
9131
4221
4597
2187
2354
1580
2023
2119
4575
2215
5658
8600
7233
9944
7613
1462
4768
9662
7474
7137
555
3229
6938
918
4304
976
1952
1947
7000
2810
9838
1828
1485
441
8896
24
5544
8572
531
3549
2731
7483
1529
79
3208
7829
1581
7760
2460
2583
6845
2410
6940
216
8104
6784
602
8130
3590
7667
5540
7402
2318
9631
9929
7073
4344
8597
6232
6275
9664
4132
3656
6412
9827
9681
3934
7402
3562
8821
3070
8190
6864
4917
2609
3036
4609
7309
5934
4034
8993
6454
6664
7078
1286
5559
3125
9287
3283
1623
2903
134
5121
2352
8712
5613
9644
511
7078
8045
6184
4888
5129
3158
1023
5351
605
3775
8664
9409
4273
7701
7108
6857
4714
3776
5400
8910
9284
3425
5826
3633
583
6920
3211
8565
7810
3203
5096
3519
7446
4608
2300
2157
2241
9587
7677
3155
4246
6627
577
3376
8390
9134
4405
9631
4221
4893
4233
74
8811
307
5148
9512
2013
6431
6384
8871
7719
8736
3818
5077
4833
5624
6680
7272
9451
8473
3407
5646
8814
5820
3855
6958
5009
7969
3669
6221
4485
3681
1070
2077
1677
6207
6195
6768
8221
2029
6134
5674
8510
4250
5366
6404
9770
4745
4498
5853
7835
2573
5320
7947
315
592
729
6223
8167
9667
1051
8231
933
960
6106
3437
3807
235
7916
6828
7067
4567
47
7010
2056
4580
8514
8417
5207
7494
3693
656
1027
226
4125
2047
6495
2561
3296
6792
1787
7303
5481
4864
4403
1293
6209
604
2788
2890
9051
9073
6858
8800
9057
676
5963
3379
3856
2880
7834
8549
7645
9173
7274
460
4386
317
7503
6644
505
3739
7762
8081
4452
6893
3681
5197
1431
3472
1776
6688
3651
1186
7680
4942
9535
9826
5786
4762
1797
5331
8185
7976
9158
3440
9761
5407
8123
4506
5295
3293
9129
9165
3247
8277
6896
9537
6660
4740
7264
6827
712
9602
7465
6707
5216
3
4893
2561
1034
5117
308
801
246
9892
7324
7653
5182
3056
3019
9194
2676
9808
6787
3842
3462
7496
8640
6336
6768
8006
7169
6755
8687
5155
4176
5385
2285
6164
6496
3797
2990
9728
8066
8460
6326
9004
7588
3401
5172
8258
327
1664
5551
5809
4379
2879
60
6637
4969
7472
8825
4119
4620
2043
9849
7223
8733
2488
45
7045
4890
4771
1723
5912
5603
3656
9549
9702
7520
2574
1384
4073
7250
5296
4007
7523
2581
7350
4996
5304
3998
8946
4643
7258
2599
4998
9515
1362
3236
3619
6082
4650
5073
6717
9636
9080
2650
1594
4303
6676
2838
6265
1677
6778
2801
9375
1055
5547
6677
2652
3619
222
3508
940
4658
2996
8949
3754
1241
4617
4632
2143
2177
9622
8296
296
429
4500
6332
1094
800
5259
9257
9454
1704
8504
8952
5121
1147
4125
863
3638
4204
258
1295
546
9994
8089
8362
3978
3974
9967
7550
6703
4366
5950
8851
6489
8251
2800
6365
6479
1107
5183
8365
6145
316
6375
8090
3673
5550
2828
200
246
3876
7992
9923
3672
6911
3661
1050
1946
166
1960
2586
7704
6317
1558
9286
3234
3201
7649
9344
2121
238
403
1783
2183
493
7260
9293
5707
5470
9070
963
8033
3805
9652
6755
512
996
9011
7225
797
445
7929
6208
8350
2306
7938
5061
3544
676
698
42
649
5060
6940
7705
402
3968
2793
1842
3820
1213
8293
7699
4604
6206
779
6628
5473
1727
576
5436
9913
2768
6741
7747
9236
6209
8502
1284
6656
9767
2351
846
3811
6504
3951
8441
3335
3256
6372
2160
4912
6529
534
5166
4713
600
128
2505
9965
6770
6232
4950
177
5427
4080
2727
334
3742
1253
1592
8764
4558
869
5506
9706
5951
4702
7497
2843
1850
8529
7033
2506
2380
9252
2376
206
130
4839
8775
5880
7730
4623
6587
6953
2777
670
7746
2753
4365
3012
2884
2338
6366
4335
7368
9971
2078
1725
6975
8240
8297
3458
1201
831
5075
1813
7875
7805
3357
1141
2530
3703
8212
8889
3823
5301
1990
3380
8038
4240
9137
663
4780
7717
7930
145
2868
2385
7415
1746
6958
412
202
8397
4766
8018
6666
7899
788
9036
6239
780
189
9662
3322
137
9766
8313
2655
4805
3896
5536
7296
8546
7636
1400
4903
2895
6683
8025
3615
5855
875
8065
223
2389
6018
8360
5925
5803
2144
8814
3243
4882
1293
8336
7977
4244
6164
9577
1863
197
7067
5749
5260
40
7296
5809
6584
1550
497
9246
9946
2985
968
6325
9423
9662
8561
7204
5240
4889
7498
4406
2150
5291
3862
1473
7461
4750
6397
4169
2146
9225
1412
1410
5178
8126
2740
3027
6657
3121
8714
9509
9676
9572
5147
8410
6123
7933
1969
4091
9974
9577
1606
7658
9891
5225
2459
9686
433
7451
4278
8365
8549
1556
7191
9964
5902
9193
3301
8945
7767
3868
2377
8625
504
2515
422
1414
5769
2133
4148
7584
4693
6670
6152
1101
311
5538
5121
355
8787
9070
3058
8697
2195
794
7847
6934
3500
6634
8774
2465
7853
5252
5571
6071
8420
1036
3951
8812
4541
1306
5358
5640
775
1629
4244
2866
5541
8521
4748
4635
7118
3164
9429
6209
289
6831
3945
2116
6088
3368
858
9558
6680
5516
3548
3499
5603
8305
7145
6255
9370
5521
4757
6727
7378
9946
9599
79
6721
2723
304
3507
2821
7401
4083
8169
7074
9256
6081
7564
7254
2117
2087
628
3307
1432
5223
2608
6216
9959
2792
1269
4420
7581
6011
128
7432
4633
8027
2679
3744
8963
5184
3870
270
9833
9024
7686
3114
120
3058
127
970
2854
9729
8142
2810
5804
7401
202
4489
8866
7009
5281
3152
5010
852
1591
2399
3534
4558
1390
1509
4653
2688
849
8315
4784
6976
3610
6478
467
3633
2964
3464
9903
826
6618
8410
6893
8773
3326
5272
8661
678
630
4017
2116
8870
5329
5705
9916
971
4232
6276
5669
8662
1087
7409
2193
2008
5514
4817
9870
8929
780
9156
3364
4791
5707
142
8062
240
5232
1354
9765
4781
7082
3627
2328
3603
2434
4939
2888
854
697
6642
6528
2995
7789
3573
353
6843
8954
424
6075
4776
7694
5441
9385
93
101
11
8531
8654
4003
9603
5110
5081
1424
2611
9793
159
7277
6377
9334
9539
2837
19
7169
7486
6622
6697
4676
2333
2287
7942
4016
1192
5052
5188
6513
4719
9836
1668
2593
1346
3083
3047
3884
2717
348
5292
6659
8319
9510
1911
138
8854
8480
9274
6284
5257
2551
3682
4446
5378
939
3168
9521
725
1994
2546
7249
7089
7412
7518
5210
5970
4334
3546
5803
1328
4530
299
9618
7159
5939
2776
2519
9588
5822
9339
1253
3705
6587
6036
4787
4414
8644
4633
7792
4068
3277
9293
269
2631
8961
9531
8916
7471
5821
6752
7990
1827
5989
7699
4835
4219
6917
4866
7602
8640
3923
5866
1793
6434
767
2306
6486
7125
8140
8037
3891
9929
648
8970
1496
6213
3991
9250
8979
4976
254
4957
5090
8443
7595
8825
3081
9838
3698
8136
4095
237
1747
3852
6691
3175
1159
4850
9276
1132
5880
4281
686
3944
4192
7085
6664
1183
5658
548
5146
2023
853
5877
6579
4045
3959
3568
5961
6037
7470
7469
2482
5617
8642
5477
7903
8701
8278
3447
2969
2181
925
7768
9747
4676
4649
2618
5551
3322
430
6184
2732
6841
2581
7435
5421
2252
6365
9548
3285
8803
8397
9527
8287
3936
1476
5336
4906
9720
944
5828
5697
6518
5005
7366
8776
4066
5574
4789
6770
7753
983
5343
3808
5033
563
2261
4868
4379
8145
386
595
1150
8369
2936
1257
700
509
9353
7351
9003
250
2351
1767
2386
1374
4808
2912
1317
6475
8418
9637
2656
4025
6607
9607
2300
3987
757
3899
8448
1383
7861
7830
6056
8097
4341
5253
266
161
2844
6218
4667
8856
9466
2160
4765
2114
8578
2575
1235
2270
8069
4827
1347
1353
283
9399
9574
2727
4832
9863
6799
6771
9401
1795
181
5199
6978
4311
1263
4740
6038
3271
3163
4861
5450
48
7611
1407
7942
9658
9645
6288
9969
8473
2918
297
8856
579
6298
6630
330
7052
3882
4794
5811
7069
170
5007
4163
8339
8782
3787
5915
1587
1888
2894
8579
5307
8257
1976
3419
6724
6922
8791
4476
7747
5021
8350
9385
6975
845
210
9048
1534
7255
3710
9047
2472
539
5766
4364
8636
4091
4952
9150
6401
8206
5182
2153
8644
3905
1824
9954
2673
1292
8087
6440
3533
8733
5420
5091
6624
7059
1903
7692
160
5096
2516
5512
4216
5227
7607
7665
2231
8282
5680
563
5141
1865
3490
6432
1889
6641
5229
8561
5061
248
9043
4106
2827
2856
4728
5241
6937
767
4146
7370
295
7747
3408
6698
962
8848
7687
9094
4152
1807
5128
1599
2244
3700
4685
252
3556
2420
6722
7836
2533
9985
1376
6039
4448
1252
9572
4095
9086
7014
9887
8136
6551
491
5574
7233
3672
6059
9098
8063
7571
526
7586
7141
5040
4084
9876
3073
3970
9390
147
3925
260
2812
5329
225
962
9604
4150
7338
9091
2540
5337
537
5412
3876
6731
2978
3857
8067
5939
5487
124
348
3443
6953
6320
9548
9066
9539
9438
2083
9891
4979
6438
2717
5499
9325
7555
9676
4832
6749
4477
8292
9972
8449
5106
7986
7745
5585
1070
7114
9462
2428
9046
3100
1648
8976
1477
97
2900
2581
5982
3048
8952
4855
6256
1608
8145
9039
5239
9489
903
5757
3855
6115
4789
7155
7012
7082
5005
8049
9749
3637
4025
1128
9654
7217
9707
5485
5989
5511
1813
9037
6580
2239
3765
1447
2453
8176
4072
8971
3716
5445
6704
2541
1262
9117
4032
7301
7727
2654
4116
2134
4361
3175
3981
4616
880
5073
6954
8405
2067
2338
3218
6637
8101
2910
5870
8727
2409
2969
9588
4852
1388
7678
9581
5777
8012
3637
4232
2201
3607
3204
6744
8676
7534
533
9704
9777
2392
9840
9119
9243
6579
821
4207
8795
7973
5256
5751
3401
1824
8793
6552
432
1396
1934
9252
1454
6479
6528
1442
6564
2320
7967
1502
8816
8393
6403
9822
9925
2290
8864
2400
2772
1673
5348
3231
4537
2423
3857
7156
8948
5871
7314
1448
5314
3728
907
6616
695
6922
2273
2001
2090
9581
2771
9867
8110
1036
4884
6226
8841
3681
230
6127
4386
3146
9173
9062
1644
9057
8285
8185
1545
5049
1000
7193
701
5364
7768
3036
2177
706
958
4202
9071
8435
8900
5185
6977
4174
9821
1785
9025
5610
4071
4114
5804
5977
9130
8857
1288
4517
2096
970
3390
3106
7617
5855
150
8259
7129
22
5551
8457
6888
3616
7703
3590
5975
8486
3213
5488
7442
1638
6816
4497
7878
2716
4436
7610
1928
7964
3169
5672
4047
3659
2375
3311
47
6685
2690
3475
1043
5720
4053
5557
5366
136
2566
4778
5950
205
2599
8920
1590
6254
8092
8169
9399
9328
974
5826
9490
594
8507
9534
5932
6400
2919
9491
9622
7895
2835
1382
3368
8168
824
2442
106
1382
8576
7875
5727
1417
7922
4921
7838
901
9880
6888
1646
436
9022
4100
5869
4128
9881
218
7117
5037
9394
5426
3836
7395
4862
8016
5406
6297
763
7770
9753
652
233
4916
8173
8160
7986
7143
9374
9582
8087
2240
2783
91
105
3572
8621
3465
2577
7473
277
7990
6237
9008
7555
9026
1143
8455
2728
3103
691
59
7751
9361
7748
1186
6220
1732
2204
9526
825
2557
207
8566
1775
7817
8018
7911
8229
6049
70
9543
3832
2607
4299
8402
3215
5066
3794
2557
570
4813
3155
8528
3063
359
6471
129
9968
8443
1651
1579
5620
1159
9538
6846
4320
8017
1262
2895
1866
2606
2779
7472
9242
1996
8352
9323
1686
6927
5107
6104
2184
3033
9487
1469
734
3042
2244
3573
1453
3448
5580
4873
6003
7135
1685
5579
8200
5977
2112
8082
5328
3009
9205
224
6752
7682
17
7967
8586
1300
221
4169
4806
5718
4748
4775
3167
6647
4657
2481
9592
9566
7226
2453
4569
1866
1757
1427
1738
5364
7421
6836
1882
3281
329
6650
7884
5443
897
8707
335
8030
2230
7191
7769
3832
8141
4337
1375
730
2576
5723
5619
1955
5073
4737
4939
6588
60
7784
1546
8806
5112
7367
3069
7839
4505
1923
9092
8868
9253
9193
123
721
6944
1157
7283
3059
2743
8607
5058
7486
278
9493
3172
1402
4230
4819
3005
6136
3095
2175
3388
659
6997
9569
8173
9106
6570
815
1211
7849
6064
1175
8319
4607
1729
4006
8778
1451
1517
8678
8060
5848
9511
6388
6158
775
1501
3902
3666
867
2226
4283
7860
3103
2697
7445
1053
1548
6624
3554
1013
7495
2871
4257
7154
5279
9531
8991
7793
116
2644
4873
8192
5531
391
6203
7749
2798
8808
2359
2735
2224
2928
5634
5543
7006
9879
8968
2130
8481
2895
6896
5862
4816
2397
4297
9958
7363
7923
2356
188
3490
6670
860
8786
1099
9050
3552
3262
8275
3837
1057
9735
948
9143
3430
8728
1524
3844
4365
304
4262
635
2108
9522
3002
1206
1237
9264
5951
5102
5272
1856
6425
146
4275
4616
5038
4116
8149
1707
8346
7264
8304
9519
5282
906
6044
2618
9541
5187
3720
8394
4638
9815
59
9182
9815
8663
1561
8404
3400
894
8337
5039
3437
9313
1219
7652
3541
7368
9215
7458
839
1796
8824
1131
6415
604
2792
2291
2661
6808
173
6501
7086
3193
6049
5644
1005
5219
8295
4789
2514
2968
193
8622
2066
3938
4559
9083
503
3916
7009
9637
3358
1325
1998
7375
7566
6291
5229
7239
3800
4536
1489
5364
9306
3299
7969
9074
6766
2414
245
1288
8752
7104
7901
5970
8524
6598
7051
4816
5029
1266
5905
6346
1411
5664
2133
5150
8420
9025
4625
7080
5810
3318
7350
2236
5813
6155
5153
3443
5104
7741
2406
3744
2470
4425
9673
9566
3679
6707
5435
9000
8102
6032
817
4
3274
2560
2593
2029
5092
9035
9062
7691
6760
7159
5026
8385
8228
8371
1491
5715
8245
2980
1966
8354
4649
1881
3688
5782
1328
1756
3940
1975
2764
8584
2470
9543
2599
5298
3718
7247
8147
8741
4961
3909
8412
9086
8745
8423
3658
1104
2892
5367
1363
1045
9954
6258
8189
9683
2240
94
9633
5174
5241
7184
7099
4527
3316
1832
4110
6761
8249
698
5204
5411
9173
8057
6083
9455
5806
7489
7595
9975
768
2417
7180
9958
6837
3396
2693
9162
4531
9851
7559
5060
1519
3336
9800
8585
4175
2649
1635
3545
5133
9983
9836
2569
2664
587
6161
5231
7349
6612
4093
6554
4450
2151
2758
1675
2699
6507
4822
6772
6693
2767
4342
4811
4040
115
2166
9898
1402
4192
1930
183
2598
6421
7759
9147
300
8303
2171
6529
3842
6051
3153
4750
8696
9163
4996
8983
5016
60
2947
4851
6812
2160
6787
3934
2842
1028
8234
8790
5723
5776
2599
3414
6905
2750
1072
1981
1286
2937
6867
8858
2649
6692
1758
7942
3764
7283
2777
4430
193
7434
209
7596
2571
1553
8784
8865
5752
624
264
8593
1716
1069
5935
1163
361
4255
9923
4291
2058
4477
46
8973
3023
7656
8453
4664
8827
2466
9723
8389
4457
1146
1875
4739
6741
486
9346
5737
8455
5195
6131
3535
9657
7579
7668
617
4074
2539
5741
2784
5356
7680
6033
2655
5879
4678
2525
1255
4176
8733
